%% homotopic nodes
%% homotopic nodes
LHomo=[1 2 3 13 14 20 16 19 31 32 34 35 38 40 41 37 39 61 56 55 58 64 67 68 84 83 82 81 96 95 103 101 115 116 122 121 132 133 129 130 131 151 159 157 157 154 155 160];
RHomo=[7 11 5 26 23 24 29 22 43 44 45 46 47 50 51 48 53 74 69 71 72 76 77 78 93 90 91 88 99 98 112 108 123 124 126 125 137 138 134 135 136 162 168 167 166 163 165 169];


Homotopic(1).name='Vnf';
Homotopic(1).L=[1 2 3];
Homotopic(1).R=[7 11 5];

Homotopic(2).name='Vnp';
Homotopic(2).L=[13 14 20 16 19];
Homotopic(2).R=[26 23 24 29 22];

Homotopic(3).name='Dan';
Homotopic(3).L=[31 32 34 35 38 40 41 37 39];
Homotopic(3).R=[43 44 45 46 47 50 51 48 53];

Homotopic(4).name='Mot';
Homotopic(4).L=[61 56 55 58 64 67 68];
Homotopic(4).R=[74 69 71 72 76 77 78];

Homotopic(5).name='Aud';
Homotopic(5).L=[84 83 82 81];
Homotopic(5).R=[93 90 91 88];

Homotopic(6).name='Con';
Homotopic(6).L=[96 95];
Homotopic(6).R=[99 98];

Homotopic(7).name='Van';
Homotopic(7).L=[103 101];
Homotopic(7).R=[112 108];

Homotopic(8).name='Lan';
Homotopic(8).L=[115 116 122 121];
Homotopic(8).R=[123 124 126 125];

Homotopic(9).name='Fpn';
Homotopic(9).L=[132 133 129 130 131];
Homotopic(9).R=[137 138 134 135 136];

Homotopic(10).name='Dmn';
Homotopic(10).L=[151 159 157 157 154 155 160];
Homotopic(10).R=[162 168 167 166 163 165 169];

