  1.000000 -0.001749 -0.005922 -0.010417 -0.010155 -0.036217 -0.046009 -0.039933 -0.163172  0.030139     
 -0.001749  1.000000  0.011823 -0.031474 -0.261437 -0.027911 -0.133025  0.125939  0.025351 -0.117480   
 -0.005922  0.011823  1.000000 -0.030341 -0.078516 -0.018570  0.058538 -0.098679 -0.079128  0.016380
 -0.010417 -0.031474 -0.030341  1.000000  0.148230 -0.037049 -0.061223 -0.117735 -0.080376 -0.018817  
 -0.010155 -0.261437 -0.078516  0.148230  1.000000  0.039685  0.051204 -0.121145 -0.043037 -0.050126  
 -0.036217 -0.027911 -0.018570 -0.037049  0.039685  1.000000  0.039176  0.030649  0.031524 -0.010443 
 -0.046009 -0.133025  0.058538 -0.061223  0.051204  0.039176  1.000000  0.145758  0.033077 -0.148399  
 -0.039933  0.125939 -0.098679 -0.117735 -0.121145  0.030649  0.145758  1.000000  0.159225 -0.004024  
 -0.163172  0.025351 -0.079128 -0.080376 -0.043037  0.031524  0.033077  0.159225  1.000000 -0.009661
  0.030139 -0.117480  0.016380 -0.018817 -0.050126 -0.010443 -0.148399 -0.004024 -0.009661  1.000000
