#simulate_test_lag 512 /data/nil-bluearc/raichle/avi/NP600/vb12817/FCmaps/vb12817_seed_regressors_CCR.dat -N1000
#$Id: simulate_test.c,v 1.12 2016/06/16 02:07:41 avi Exp avi $
C
  0.999997 -0.001751 -0.005922 -0.010416 -0.010155 -0.036217 -0.046010 -0.039932 -0.163172  0.030140  0.013142  0.103046 -0.052453  0.098776 -0.148360 -0.093978 -0.037825  0.004874 -0.041286 -0.054291 -0.037147  0.036862 -0.040912  0.037148  0.071142  0.043650  0.058682 -0.040241  0.503769  0.071409 -0.005616  0.043928  0.158903 -0.084087  0.029049 -0.021613
 -0.001751  0.999996  0.011823 -0.031474 -0.261436 -0.027911 -0.133024  0.125939  0.025351 -0.117479  0.150718  0.007598  0.051167 -0.315159 -0.000641  0.067919 -0.052744  0.225853  0.080443  0.507141 -0.031417 -0.088789  0.296324  0.356885 -0.277214 -0.083184 -0.073103  0.006579  0.017151 -0.055745 -0.121801 -0.206043 -0.043192  0.014914 -0.292123  0.112172
 -0.005922  0.011823  0.999997 -0.030341 -0.078515 -0.018570  0.058537 -0.098678 -0.079128  0.016379 -0.000631  0.031376 -0.134787  0.072381 -0.119951  0.039497 -0.047675 -0.067685  0.056997  0.026687 -0.089168 -0.008105  0.002407  0.031049  0.006789  0.136310 -0.017053 -0.084962  0.042830 -0.027119  0.056945 -0.039950  0.113425 -0.086409 -0.094506  0.007154
 -0.010416 -0.031474 -0.030341  0.999998  0.148229 -0.037048 -0.061224 -0.117734 -0.080377 -0.018819  0.103379 -0.061039  0.156189 -0.027396  0.063034 -0.035216 -0.134259 -0.012803 -0.028923 -0.007020  0.004844  0.152450 -0.022323 -0.056173 -0.014083 -0.153695  0.065183  0.017960  0.028344 -0.038158 -0.115222  0.069695 -0.002551  0.085577  0.156228  0.144201
 -0.010155 -0.261436 -0.078515  0.148229  0.999995  0.039686  0.051204 -0.121146 -0.043036 -0.050126  0.143895 -0.018760  0.016682  0.160787  0.001468 -0.031103 -0.009857 -0.279333 -0.065813 -0.305119  0.068348  0.078023 -0.316213 -0.222965  0.434083 -0.182344  0.293649  0.094812  0.059880 -0.099215  0.124606  0.385362 -0.015731  0.016780  0.491648  0.014581
 -0.036217 -0.027911 -0.018570 -0.037048  0.039686  0.999999  0.039175  0.030649  0.031523 -0.010441  0.001571  0.047425  0.077823  0.020398  0.011493 -0.094778 -0.004096 -0.064765  0.016340  0.033838  0.008296 -0.046009 -0.091205 -0.036137  0.065175 -0.097823 -0.015761  0.108409 -0.039131 -0.018119  0.020152  0.008897  0.109295 -0.069371 -0.011349 -0.113816
 -0.046010 -0.133024  0.058537 -0.061224  0.051204  0.039175  0.999997  0.145758  0.033078 -0.148398  0.074928  0.034157 -0.057233  0.164890  0.081377  0.183508  0.016501 -0.078875  0.181681 -0.104822 -0.009564  0.092737 -0.014530 -0.066650  0.021022  0.063739 -0.029426  0.065619 -0.023264 -0.091820  0.116233  0.001665 -0.230462  0.140501  0.045199  0.002686
 -0.039932  0.125939 -0.098678 -0.117734 -0.121146  0.030649  0.145758  0.999999  0.159225 -0.004024  0.075033  0.045610 -0.046018 -0.037648  0.088639  0.106635 -0.028025  0.108471  0.074763  0.131320 -0.078638 -0.025742  0.096795 -0.011577 -0.122670  0.027785 -0.101219  0.027080 -0.038479  0.056836  0.123489 -0.071957 -0.159958  0.184716 -0.074557 -0.032461
 -0.163172  0.025351 -0.079128 -0.080377 -0.043036  0.031523  0.033078  0.159225  0.999997 -0.009662 -0.001364  0.008530  0.058884  0.011321  0.061846  0.055290 -0.004717 -0.006257 -0.009528  0.059790 -0.009893 -0.058613  0.048798 -0.024720 -0.011006 -0.015427 -0.027930 -0.044759 -0.275682  0.020831  0.013895 -0.040446 -0.253755  0.063103 -0.030913 -0.070927
  0.030140 -0.117479  0.016379 -0.018819 -0.050126 -0.010441 -0.148398 -0.004024 -0.009662  0.999997 -0.294619  0.012909  0.018670 -0.062269 -0.044446  0.017614  0.063675  0.323956 -0.051089 -0.083568 -0.077072 -0.094257  0.097496 -0.146756 -0.087992  0.037804 -0.025815 -0.086376 -0.002073  0.247542 -0.065581  0.020895  0.029780 -0.062413 -0.106560 -0.024867
  0.013142  0.150718 -0.000631  0.103379  0.143895  0.001571  0.074927  0.075033 -0.001364 -0.294619  0.999997  0.020242  0.072106 -0.005810 -0.010517  0.058661 -0.103409 -0.205407  0.077340  0.092865  0.023852  0.073563 -0.145170  0.018437  0.016614 -0.086643 -0.006826 -0.033009  0.004559  0.074510  0.066664  0.157016 -0.128374  0.142304  0.140918  0.092873
  0.103046  0.007598  0.031376 -0.061039 -0.018760  0.047425  0.034157  0.045610  0.008530  0.012909  0.020242  0.999997 -0.178982 -0.044176 -0.169354 -0.009138  0.016707 -0.079169  0.058936  0.034919 -0.131757 -0.146692 -0.027333  0.029838 -0.106928 -0.011180  0.004876 -0.015643  0.014149 -0.016610  0.001609  0.070029  0.052150  0.126672 -0.060755 -0.043334
 -0.052453  0.051167 -0.134787  0.156189  0.016682  0.077823 -0.057233 -0.046018  0.058884  0.018670  0.072106 -0.178982  0.999999 -0.064276  0.439706 -0.015331 -0.041604 -0.023096 -0.021415  0.011761 -0.025114  0.060367 -0.027146  0.002289  0.011073 -0.071280 -0.001605 -0.046517 -0.211921  0.010528 -0.036552 -0.024402 -0.147945  0.121258 -0.023199 -0.015823
  0.098776 -0.315159  0.072381 -0.027396  0.160787  0.020398  0.164890 -0.037648  0.011321 -0.062269 -0.005810 -0.044176 -0.064276  0.999997 -0.013700  0.047110  0.001290 -0.207332 -0.060668 -0.303062  0.137451  0.108029 -0.172660 -0.184595  0.289988  0.158762  0.069684 -0.022247  0.011352  0.123955  0.162338  0.217151 -0.013263  0.054745  0.126747 -0.119739
 -0.148360 -0.000641 -0.119951  0.063034  0.001468  0.011493  0.081377  0.088639  0.061846 -0.044446 -0.010517 -0.169354  0.439706 -0.013700  0.999998  0.048344  0.131506  0.013386 -0.035634 -0.014502  0.004716  0.252728  0.051292  0.025701  0.014224 -0.035887  0.000541  0.110366 -0.158312 -0.039511 -0.137470 -0.061132 -0.203940  0.058728 -0.037810 -0.074456
 -0.093978  0.067919  0.039497 -0.035216 -0.031103 -0.094778  0.183508  0.106635  0.055290  0.017614  0.058661 -0.009138 -0.015331  0.047110  0.048344  1.000000 -0.131660  0.056467  0.092729  0.057117 -0.000486 -0.060321  0.143080  0.087487 -0.089007  0.018031 -0.009473 -0.000840 -0.045774 -0.092411  0.052838  0.019757 -0.305548  0.116343 -0.073869  0.125644
 -0.037825 -0.052744 -0.047675 -0.134259 -0.009857 -0.004096  0.016501 -0.028025 -0.004717  0.063675 -0.103409  0.016707 -0.041604  0.001290  0.131506 -0.131660  1.000000  0.060591  0.005266 -0.031647  0.015929  0.077017 -0.016004 -0.066028  0.033904  0.053250 -0.002176  0.058316  0.122449 -0.091733 -0.074430  0.030564  0.064338 -0.144349 -0.019946 -0.105155
  0.004874  0.225853 -0.067685 -0.012803 -0.279333 -0.064765 -0.078875  0.108471 -0.006257  0.323956 -0.205407 -0.079169 -0.023096 -0.207332  0.013386  0.056467  0.060591  0.999998 -0.047466  0.072874 -0.027340 -0.079113  0.655308 -0.079768 -0.189583  0.054912 -0.069138 -0.031137  0.064731  0.131828 -0.202200 -0.200057 -0.007779 -0.032922 -0.275908  0.102541
 -0.041286  0.080443  0.056997 -0.028923 -0.065813  0.016340  0.181681  0.074763 -0.009528 -0.051090  0.077340  0.058936 -0.021415 -0.060668 -0.035634  0.092729  0.005266 -0.047466  0.999996  0.109483 -0.022748 -0.007479 -0.038528  0.032155 -0.235944  0.127046  0.057582 -0.026823 -0.006894 -0.142775  0.023878 -0.217581 -0.141308  0.074811 -0.125975  0.055489
 -0.054291  0.507141  0.026687 -0.007020 -0.305119  0.033838 -0.104823  0.131320  0.059789 -0.083568  0.092865  0.034919  0.011761 -0.303062 -0.014502  0.057117 -0.031647  0.072874  0.109483  0.999997 -0.044634 -0.063808  0.195033  0.310867 -0.433827 -0.060004 -0.184476  0.021519  0.006354 -0.088852 -0.022019 -0.092019 -0.038174  0.028336 -0.287147  0.089056
 -0.037147 -0.031417 -0.089168  0.004844  0.068349  0.008296 -0.009563 -0.078638 -0.009893 -0.077072  0.023852 -0.131757 -0.025114  0.137451  0.004716 -0.000486  0.015929 -0.027340 -0.022747 -0.044634  0.999999 -0.131483 -0.042608 -0.018691  0.035129 -0.012333  0.010268 -0.032221 -0.109410 -0.031360 -0.060990  0.100151 -0.061111  0.030608  0.011810  0.048844
  0.036862 -0.088789 -0.008105  0.152450  0.078023 -0.046009  0.092737 -0.025742 -0.058613 -0.094257  0.073562 -0.146692  0.060367  0.108029  0.252728 -0.060321  0.077017 -0.079113 -0.007479 -0.063808 -0.131483  0.999998 -0.011585 -0.005853 -0.021941 -0.027172 -0.063313  0.047853  0.179639 -0.027417  0.156063  0.120496  0.012254 -0.067998  0.153364 -0.012154
 -0.040912  0.296324  0.002407 -0.022323 -0.316213 -0.091205 -0.014530  0.096795  0.048798  0.097496 -0.145170 -0.027333 -0.027146 -0.172660  0.051292  0.143080 -0.016004  0.655308 -0.038528  0.195033 -0.042607 -0.011585  0.999997  0.190511 -0.197110  0.037815 -0.082933 -0.039762  0.048449 -0.037367 -0.145453 -0.253012 -0.081190  0.061170 -0.383292  0.129547
  0.037148  0.356885  0.031049 -0.056173 -0.222965 -0.036138 -0.066650 -0.011577 -0.024720 -0.146756  0.018437  0.029838  0.002289 -0.184595  0.025701  0.087487 -0.066028 -0.079768  0.032155  0.310867 -0.018691 -0.005853  0.190511  1.000000 -0.165032 -0.186171  0.028815  0.052646 -0.005119 -0.242728 -0.008711 -0.038883 -0.037798  0.064871 -0.413708  0.019929
  0.071142 -0.277214  0.006789 -0.014083  0.434083  0.065175  0.021022 -0.122670 -0.011006 -0.087992  0.016614 -0.106928  0.011073  0.289988  0.014224 -0.089007  0.033904 -0.189583 -0.235944 -0.433827  0.035129 -0.021941 -0.197110 -0.165032  0.999998 -0.083678  0.326921  0.097775 -0.008201 -0.049402  0.022352  0.112595  0.033368 -0.028695  0.233407 -0.042939
  0.043650 -0.083184  0.136310 -0.153695 -0.182344 -0.097824  0.063739  0.027785 -0.015427  0.037804 -0.086643 -0.011180 -0.071280  0.158762 -0.035887  0.018031  0.053250  0.054912  0.127046 -0.060004 -0.012333 -0.027172  0.037815 -0.186171 -0.083678  0.999998 -0.002288 -0.104262  0.031737 -0.004379  0.045502 -0.158244 -0.032483  0.060119 -0.178920 -0.015372
  0.058682 -0.073103 -0.017053  0.065183  0.293649 -0.015761 -0.029426 -0.101219 -0.027930 -0.025815 -0.006826  0.004876 -0.001605  0.069684  0.000541 -0.009473 -0.002176 -0.069138  0.057582 -0.184476  0.010268 -0.063313 -0.082933  0.028815  0.326921 -0.002288  0.999999  0.075660 -0.083521 -0.107140 -0.013097 -0.014035 -0.005140 -0.018975  0.042098 -0.043036
 -0.040241  0.006579 -0.084962  0.017960  0.094812  0.108409  0.065619  0.027080 -0.044759 -0.086376 -0.033009 -0.015643 -0.046517 -0.022247  0.110366 -0.000840  0.058316 -0.031137 -0.026823  0.021519 -0.032221  0.047853 -0.039762  0.052646  0.097775 -0.104262  0.075660  0.999997  0.038658 -0.162151  0.005751  0.037195 -0.015821 -0.010389 -0.025596 -0.014732
  0.503769  0.017151  0.042830  0.028344  0.059880 -0.039131 -0.023264 -0.038479 -0.275682 -0.002073  0.004559  0.014149 -0.211921  0.011352 -0.158312 -0.045774  0.122449  0.064731 -0.006894  0.006354 -0.109410  0.179639  0.048449 -0.005119 -0.008202  0.031737 -0.083521  0.038658  1.000001  0.008263 -0.008920  0.058777  0.272981 -0.151899  0.050233  0.065589
  0.071409 -0.055745 -0.027119 -0.038158 -0.099215 -0.018119 -0.091820  0.056836  0.020831  0.247542  0.074510 -0.016610  0.010528  0.123955 -0.039511 -0.092411 -0.091733  0.131828 -0.142775 -0.088852 -0.031360 -0.027417 -0.037367 -0.242728 -0.049402 -0.004379 -0.107140 -0.162151  0.008263  0.999999 -0.108237  0.125742  0.151806 -0.005593  0.035027 -0.029748
 -0.005616 -0.121801  0.056945 -0.115222  0.124606  0.020152  0.116233  0.123489  0.013895 -0.065581  0.066664  0.001609 -0.036552  0.162338 -0.137470  0.052838 -0.074430 -0.202200  0.023878 -0.022019 -0.060990  0.156063 -0.145453 -0.008711  0.022352  0.045502 -0.013097  0.005751 -0.008920 -0.108237  1.000000  0.132329 -0.081984  0.120920  0.196752 -0.184514
  0.043928 -0.206043 -0.039950  0.069695  0.385362  0.008897  0.001665 -0.071957 -0.040446  0.020895  0.157016  0.070029 -0.024402  0.217151 -0.061132  0.019757  0.030564 -0.200057 -0.217581 -0.092019  0.100151  0.120496 -0.253012 -0.038883  0.112595 -0.158244 -0.014035  0.037195  0.058777  0.125742  0.132329  0.999995 -0.012212  0.062804  0.364619  0.038621
  0.158903 -0.043192  0.113425 -0.002551 -0.015731  0.109295 -0.230462 -0.159958 -0.253755  0.029780 -0.128374  0.052150 -0.147945 -0.013263 -0.203940 -0.305548  0.064338 -0.007779 -0.141308 -0.038174 -0.061111  0.012254 -0.081190 -0.037798  0.033368 -0.032483 -0.005140 -0.015821  0.272981  0.151806 -0.081984 -0.012212  0.999997 -0.342862  0.029631 -0.107888
 -0.084087  0.014914 -0.086409  0.085577  0.016780 -0.069371  0.140501  0.184716  0.063103 -0.062413  0.142304  0.126672  0.121258  0.054745  0.058728  0.116343 -0.144349 -0.032922  0.074811  0.028336  0.030608 -0.067998  0.061170  0.064870 -0.028695  0.060119 -0.018975 -0.010389 -0.151899 -0.005593  0.120920  0.062804 -0.342862  0.999996 -0.017207  0.151245
  0.029049 -0.292123 -0.094506  0.156228  0.491648 -0.011349  0.045199 -0.074557 -0.030913 -0.106560  0.140918 -0.060755 -0.023199  0.126747 -0.037810 -0.073869 -0.019946 -0.275908 -0.125975 -0.287147  0.011810  0.153364 -0.383292 -0.413708  0.233407 -0.178920  0.042098 -0.025596  0.050233  0.035027  0.196752  0.364619  0.029631 -0.017207  0.999998  0.000885
 -0.021613  0.112172  0.007154  0.144201  0.014581 -0.113816  0.002686 -0.032461 -0.070927 -0.024867  0.092873 -0.043334 -0.015823 -0.119739 -0.074456  0.125644 -0.105155  0.102541  0.055489  0.089056  0.048844 -0.012154  0.129547  0.019929 -0.042939 -0.015372 -0.043036 -0.014732  0.065589 -0.029748 -0.184514  0.038621 -0.107888  0.151245  0.000885  0.999999
E[YYt]/npts
  1.001799 -0.003566 -0.006491 -0.012409 -0.008413 -0.029383 -0.041567 -0.039898 -0.155012  0.030366  0.012510  0.102061 -0.044516  0.098406 -0.149044 -0.098350 -0.037054  0.004657 -0.042292 -0.056324 -0.038323  0.036881 -0.038756  0.036196  0.071661  0.045760  0.061102 -0.042280  0.500034  0.072918 -0.007338  0.040001  0.159696 -0.084424  0.025113 -0.026889
 -0.003566  0.992882  0.006092 -0.033505 -0.259560 -0.024286 -0.130858  0.128714  0.027016 -0.118862  0.142458  0.012161  0.043135 -0.313285 -0.003426  0.073449 -0.048656  0.230656  0.081112  0.506893 -0.029208 -0.082972  0.307248  0.349374 -0.273051 -0.080883 -0.078938  0.005440  0.023291 -0.053617 -0.123518 -0.204895 -0.038004  0.014494 -0.289728  0.115944
 -0.006491  0.006092  0.994370 -0.027626 -0.076577 -0.017980  0.059006 -0.102117 -0.083191  0.014786  0.003415  0.031403 -0.139835  0.069450 -0.123779  0.032952 -0.048860 -0.074739  0.057126  0.027612 -0.083740 -0.002843 -0.002021  0.023680  0.007861  0.137691 -0.015615 -0.088497  0.042876 -0.024249  0.056408 -0.033088  0.114364 -0.094436 -0.082208  0.000527
 -0.012409 -0.033505 -0.027626  1.003104  0.151226 -0.029994 -0.058531 -0.120527 -0.083127 -0.020354  0.100511 -0.058334  0.155586 -0.028456  0.057112 -0.031047 -0.136924 -0.008116 -0.021681 -0.004696  0.004838  0.149949 -0.020326 -0.057449 -0.017880 -0.156591  0.064303  0.017320  0.027901 -0.036606 -0.116179  0.066565 -0.000942  0.086990  0.154771  0.146604
 -0.008413 -0.259560 -0.076577  0.151226  0.995803  0.038047  0.051223 -0.126496 -0.038352 -0.051050  0.141862 -0.023159  0.015807  0.159881 -0.002765 -0.028554 -0.012399 -0.274883 -0.062686 -0.303147  0.064438  0.078879 -0.318065 -0.220473  0.434493 -0.182742  0.295924  0.107255  0.057001 -0.098799  0.120170  0.379503 -0.018580  0.019061  0.490393  0.014222
 -0.029383 -0.024286 -0.017980 -0.029994  0.038047  0.993822  0.034178  0.035335  0.028154 -0.008447  0.005927  0.049371  0.077891  0.025114  0.015121 -0.086458 -0.007913 -0.066713  0.016951  0.034467  0.011249 -0.048050 -0.091933 -0.032043  0.064940 -0.093293 -0.011253  0.108180 -0.039016 -0.017051  0.017065  0.007299  0.106076 -0.064687 -0.020113 -0.112409
 -0.041567 -0.130858  0.059006 -0.058531  0.051223  0.034178  1.000339  0.142776  0.030601 -0.144212  0.074238  0.023390 -0.060244  0.162922  0.078371  0.185542  0.005903 -0.075058  0.184263 -0.110603 -0.005151  0.089125 -0.006985 -0.066939  0.023574  0.062604 -0.029258  0.059201 -0.020231 -0.091528  0.115561 -0.004323 -0.233644  0.139874  0.051861  0.005087
 -0.039898  0.128714 -0.102117 -0.120527 -0.126496  0.035335  0.142776  1.000041  0.154477 -0.004805  0.068063  0.038048 -0.047991 -0.039172  0.089307  0.106138 -0.026390  0.108397  0.074195  0.128404 -0.074056 -0.027640  0.099628 -0.014119 -0.123395  0.024337 -0.109543  0.026135 -0.040785  0.057096  0.123814 -0.075750 -0.161506  0.180661 -0.071163 -0.034111
 -0.155012  0.027016 -0.083191 -0.083127 -0.038352  0.028154  0.030601  0.154477  0.994183 -0.003826 -0.005723  0.009399  0.055536  0.009164  0.063203  0.061947 -0.008447 -0.003486 -0.016797  0.056161 -0.006251 -0.066644  0.049645 -0.034897 -0.008895 -0.009162 -0.031388 -0.049203 -0.269499  0.022287  0.010977 -0.035578 -0.251695  0.065958 -0.026929 -0.063310
  0.030366 -0.118862  0.014786 -0.020354 -0.051050 -0.008447 -0.144212 -0.004805 -0.003826  0.998810 -0.290688  0.019784  0.020694 -0.052896 -0.046674  0.011841  0.069902  0.320429 -0.050491 -0.085170 -0.076777 -0.096262  0.090803 -0.154357 -0.088149  0.039952 -0.020633 -0.091684 -0.000545  0.250381 -0.060330  0.026909  0.030911 -0.063739 -0.103132 -0.030123
  0.012510  0.142458  0.003415  0.100511  0.141862  0.005927  0.074238  0.068063 -0.005723 -0.290688  0.989653  0.021456  0.071775 -0.002899 -0.001330  0.060734 -0.109464 -0.206006  0.083126  0.093683  0.029206  0.076928 -0.144751  0.016091  0.021571 -0.084545 -0.011191 -0.033904  0.003202  0.071529  0.063506  0.158567 -0.128953  0.145515  0.140358  0.089712
  0.102061  0.012161  0.031403 -0.058334 -0.023159  0.049371  0.023390  0.038048  0.009399  0.019784  0.021456  1.004120 -0.179369 -0.047516 -0.166620 -0.016978  0.018740 -0.073562  0.057715  0.036237 -0.124629 -0.153426 -0.020516  0.029018 -0.113735 -0.009315  0.006224 -0.016710  0.010041 -0.011676 -0.005465  0.064796  0.059725  0.122573 -0.069795 -0.050503
 -0.044516  0.043135 -0.139835  0.155586  0.015807  0.077891 -0.060244 -0.047991  0.055536  0.020694  0.071775 -0.179369  1.008136 -0.057792  0.437357 -0.009905 -0.039998 -0.019573 -0.019933  0.007074 -0.022383  0.061059 -0.024107  0.004373  0.017696 -0.070872 -0.009936 -0.039670 -0.205909  0.017444 -0.041157 -0.020103 -0.145420  0.123523 -0.029685 -0.007926
  0.098406 -0.313285  0.069450 -0.028456  0.159881  0.025114  0.162922 -0.039172  0.009164 -0.052896 -0.002899 -0.047516 -0.057792  1.003764 -0.014685  0.045278 -0.004499 -0.209331 -0.066086 -0.301379  0.131759  0.108662 -0.180661 -0.190731  0.288246  0.160358  0.078390 -0.025409  0.003993  0.129041  0.166009  0.214007 -0.007099  0.048444  0.132990 -0.121808
 -0.149044 -0.003426 -0.123779  0.057112 -0.002765  0.015121  0.078371  0.089307  0.063203 -0.046674 -0.001330 -0.166620  0.437357 -0.014685  0.998348  0.048501  0.130852  0.013184 -0.036193 -0.014478  0.003796  0.249267  0.054380  0.025715  0.015500 -0.044474 -0.011908  0.111019 -0.159421 -0.036139 -0.136595 -0.059309 -0.207219  0.061874 -0.039510 -0.069213
 -0.098350  0.073449  0.032952 -0.031047 -0.028554 -0.086458  0.185542  0.106138  0.061947  0.011841  0.060734 -0.016978 -0.009905  0.045278  0.048501  1.002522 -0.137002  0.052289  0.096200  0.062558 -0.000460 -0.066812  0.143580  0.093064 -0.090324  0.015305 -0.014644  0.002388 -0.045837 -0.090879  0.059057  0.024509 -0.309135  0.122069 -0.072703  0.125169
 -0.037054 -0.048656 -0.048860 -0.136924 -0.012399 -0.007913  0.005903 -0.026390 -0.008447  0.069902 -0.109464  0.018740 -0.039998 -0.004499  0.130852 -0.137002  0.997814  0.061711  0.001377 -0.032560  0.009449  0.076312 -0.019016 -0.064888  0.032646  0.054462  0.002006  0.054927  0.119002 -0.096058 -0.083105  0.024352  0.063025 -0.147361 -0.024043 -0.103069
  0.004657  0.230656 -0.074739 -0.008116 -0.274883 -0.066713 -0.075058  0.108397 -0.003486  0.320429 -0.206006 -0.073562 -0.019573 -0.209331  0.013184  0.052289  0.061711  1.003663 -0.045458  0.071283 -0.031669 -0.081604  0.658673 -0.080163 -0.190158  0.057757 -0.070041 -0.035263  0.065206  0.135538 -0.208236 -0.196804 -0.011717 -0.025703 -0.274579  0.106511
 -0.042292  0.081112  0.057126 -0.021681 -0.062686  0.016951  0.184263  0.074195 -0.016797 -0.050491  0.083126  0.057715 -0.019933 -0.066086 -0.036193  0.096200  0.001377 -0.045458  1.000535  0.106817 -0.015457 -0.004724 -0.036131  0.027957 -0.238352  0.124377  0.053870 -0.022843 -0.004423 -0.141905  0.025050 -0.222739 -0.142795  0.073240 -0.120664  0.057599
 -0.056324  0.506893  0.027612 -0.004696 -0.303147  0.034467 -0.110603  0.128404  0.056161 -0.085170  0.093683  0.036237  0.007074 -0.301379 -0.014478  0.062558 -0.032560  0.071283  0.106817  0.999306 -0.034408 -0.063316  0.201343  0.310216 -0.430320 -0.064151 -0.188982  0.020401  0.009033 -0.089806 -0.024697 -0.088914 -0.033233  0.028486 -0.285621  0.092443
 -0.038323 -0.029208 -0.083740  0.004838  0.064438  0.011249 -0.005151 -0.074056 -0.006251 -0.076777  0.029206 -0.124629 -0.022383  0.131759  0.003796 -0.000460  0.009449 -0.031669 -0.015457 -0.034408  0.988656 -0.134821 -0.046259 -0.017906  0.028463 -0.013554  0.012103 -0.034734 -0.111982 -0.030687 -0.063289  0.096059 -0.064387  0.033657  0.012365  0.051429
  0.036881 -0.082972 -0.002843  0.149949  0.078879 -0.048050  0.089125 -0.027640 -0.066644 -0.096262  0.076928 -0.153426  0.061059  0.108662  0.249267 -0.066812  0.076312 -0.081604 -0.004724 -0.063316 -0.134821  1.010912 -0.013387 -0.001006 -0.022834 -0.033662 -0.061071  0.046876  0.180445 -0.029910  0.161698  0.120953  0.016414 -0.076277  0.154584 -0.013877
 -0.038756  0.307248 -0.002021 -0.020326 -0.318065 -0.091933 -0.006985  0.099628  0.049645  0.090803 -0.144751 -0.020516 -0.024107 -0.180661  0.054380  0.143580 -0.019016  0.658673 -0.036131  0.201343 -0.046259 -0.013387  1.003761  0.195615 -0.199221  0.034811 -0.087857 -0.044094  0.049790 -0.038304 -0.148434 -0.251741 -0.087920  0.065852 -0.384579  0.138911
  0.036196  0.349374  0.023680 -0.057449 -0.220473 -0.032043 -0.066939 -0.014119 -0.034897 -0.154357  0.016091  0.029018  0.004373 -0.190731  0.025715  0.093064 -0.064888 -0.080163  0.027957  0.310216 -0.017906 -0.001006  0.195615  1.001893 -0.158675 -0.189336  0.025548  0.054377  0.002339 -0.254107 -0.008515 -0.037195 -0.028336  0.060882 -0.412719  0.023517
  0.071661 -0.273051  0.007861 -0.017880  0.434493  0.064940  0.023574 -0.123395 -0.008895 -0.088149  0.021571 -0.113735  0.017696  0.288246  0.015500 -0.090324  0.032646 -0.190158 -0.238352 -0.430320  0.028463 -0.022834 -0.199221 -0.158675  1.004003 -0.083025  0.326852  0.105199 -0.014490 -0.050603  0.022178  0.111534  0.025828 -0.022279  0.236171 -0.041285
  0.045760 -0.080883  0.137691 -0.156591 -0.182742 -0.093293  0.062604  0.024337 -0.009162  0.039952 -0.084545 -0.009315 -0.070872  0.160358 -0.044474  0.015305  0.054462  0.057757  0.124377 -0.064151 -0.013554 -0.033662  0.034811 -0.189336 -0.083025  1.002454 -0.001127 -0.107509  0.032377 -0.001154  0.054199 -0.159161 -0.034265  0.056456 -0.172068 -0.018540
  0.061102 -0.078938 -0.015615  0.064303  0.295924 -0.011253 -0.029258 -0.109543 -0.031388 -0.020633 -0.011191  0.006224 -0.009936  0.078390 -0.011908 -0.014644  0.002006 -0.070041  0.053870 -0.188982  0.012103 -0.061071 -0.087857  0.025548  0.326852 -0.001127  0.994321  0.080867 -0.082449 -0.104264 -0.012782 -0.014595  0.007293 -0.029538  0.044864 -0.045133
 -0.042280  0.005440 -0.088497  0.017320  0.107255  0.108180  0.059201  0.026135 -0.049203 -0.091684 -0.033904 -0.016710 -0.039670 -0.025409  0.111019  0.002388  0.054927 -0.035263 -0.022843  0.020401 -0.034734  0.046876 -0.044094  0.054377  0.105199 -0.107509  0.080867  1.002792  0.030204 -0.163441  0.010551  0.035141 -0.023271 -0.006276 -0.023011 -0.011979
  0.500034  0.023291  0.042876  0.027901  0.057001 -0.039016 -0.020231 -0.040785 -0.269499 -0.000545  0.003202  0.010041 -0.205909  0.003993 -0.159421 -0.045837  0.119002  0.065206 -0.004423  0.009033 -0.111982  0.180445  0.049790  0.002339 -0.014490  0.032377 -0.082449  0.030204  0.990357  0.004755 -0.008465  0.046754  0.272934 -0.150318  0.041280  0.059210
  0.072918 -0.053617 -0.024249 -0.036606 -0.098799 -0.017051 -0.091528  0.057096  0.022287  0.250381  0.071529 -0.011676  0.017444  0.129041 -0.036139 -0.090879 -0.096058  0.135538 -0.141905 -0.089806 -0.030687 -0.029910 -0.038304 -0.254107 -0.050603 -0.001154 -0.104264 -0.163441  0.004755  1.007314 -0.112710  0.126360  0.151793 -0.002398  0.038627 -0.027527
 -0.007338 -0.123518  0.056408 -0.116179  0.120170  0.017065  0.115561  0.123814  0.010977 -0.060330  0.063506 -0.005465 -0.041157  0.166009 -0.136595  0.059057 -0.083105 -0.208236  0.025050 -0.024697 -0.063289  0.161698 -0.148434 -0.008515  0.022178  0.054199 -0.012782  0.010551 -0.008465 -0.112710  1.003890  0.133078 -0.080850  0.114912  0.193519 -0.191061
  0.040001 -0.204895 -0.033088  0.066565  0.379503  0.007299 -0.004323 -0.075750 -0.035578  0.026909  0.158567  0.064796 -0.020103  0.214007 -0.059309  0.024509  0.024352 -0.196804 -0.222739 -0.088914  0.096059  0.120953 -0.251741 -0.037195  0.111534 -0.159161 -0.014595  0.035141  0.046754  0.126360  0.133078  1.000657 -0.014121  0.062653  0.362253  0.031106
  0.159696 -0.038004  0.114364 -0.000942 -0.018580  0.106076 -0.233644 -0.161506 -0.251695  0.030911 -0.128953  0.059725 -0.145420 -0.007099 -0.207219 -0.309135  0.063025 -0.011717 -0.142795 -0.033233 -0.064387  0.016414 -0.087920 -0.028336  0.025828 -0.034265  0.007293 -0.023271  0.272934  0.151793 -0.080850 -0.014121  1.000371 -0.345110  0.025100 -0.108303
 -0.084424  0.014494 -0.094436  0.086990  0.019061 -0.064687  0.139874  0.180661  0.065958 -0.063739  0.145515  0.122573  0.123523  0.048444  0.061874  0.122069 -0.147361 -0.025703  0.073240  0.028486  0.033657 -0.076277  0.065852  0.060882 -0.022279  0.056456 -0.029538 -0.006276 -0.150318 -0.002398  0.114912  0.062653 -0.345110  1.004903 -0.017371  0.152744
  0.025113 -0.289728 -0.082208  0.154771  0.490393 -0.020113  0.051861 -0.071163 -0.026929 -0.103132  0.140358 -0.069795 -0.029685  0.132990 -0.039510 -0.072703 -0.024043 -0.274579 -0.120664 -0.285621  0.012365  0.154584 -0.384579 -0.412719  0.236171 -0.172068  0.044864 -0.023011  0.041280  0.038627  0.193519  0.362253  0.025100 -0.017371  0.990815 -0.008456
 -0.026889  0.115944  0.000527  0.146604  0.014222 -0.112409  0.005087 -0.034111 -0.063310 -0.030123  0.089712 -0.050503 -0.007926 -0.121808 -0.069213  0.125169 -0.103069  0.106511  0.057599  0.092443  0.051429 -0.013877  0.138911  0.023517 -0.041285 -0.018540 -0.045133 -0.011979  0.059210 -0.027527 -0.191061  0.031106 -0.108303  0.152744 -0.008456  1.004070
