#simulate_test 512 -N1000 -m8
#$Id: simulate_test.c,v 1.12 2016/06/16 02:07:41 avi Exp avi $
p    0.0000  240.1394 1419.2955 3724.3896 6405.9131 8223.6113 8740.0078 8378.7168 7653.5425 6858.4282 6114.7656 5459.0781 4893.6382 4409.0615 3993.3196 3635.0005 3324.2717 3052.9849 2814.4976 2603.4207 2415.3826 2246.8245 2094.8359 1957.0286 1831.4275 1716.3956 1610.5670 1512.7997 1422.1344 1337.7622 1259.0004 1185.2708 1116.0836 1051.0216  989.7302  931.9066  877.2905  825.6598  776.8212  730.6075  686.8718  645.4836  606.3267  569.2952  534.2923  501.2272  470.0153  440.5752  412.8291  386.7013  362.1190  339.0099  317.3041  296.9331  277.8296  259.9278  243.1640  227.4756  212.8028  199.0867  186.2713  174.3024  163.1283  152.6993  142.9684  133.8905  125.4233  117.5264  110.1618  103.2937   96.8886   90.9147   85.3425   80.1442   75.2941   70.7677   66.5427   62.5977   58.9136   55.4717   52.2553   49.2486   46.4370   43.8068   41.3454   39.0411   36.8831   34.8611   32.9660   31.1889   29.5218   27.9572   26.4883   25.1085   23.8119   22.5929   21.4464   20.3676   19.3520   18.3956   17.4944   16.6450   15.8439   15.0881   14.3748   13.7012   13.0649   12.4635   11.8950   11.3572   10.8483   10.3665    9.9102    9.4780    9.0682    8.6797    8.3112    7.9615    7.6295    7.3142    7.0146    6.7299    6.4592    6.2017    5.9567    5.7235    5.5015    5.2900    5.0885    4.8964    4.7133    4.5386    4.3719    4.2128    4.0609    3.9158    3.7772    3.6447    3.5181    3.3970    3.2811    3.1703    3.0641    2.9625    2.8653    2.7721    2.6827    2.5971    2.5151    2.4363    2.3608    2.2884    2.2188    2.1521    2.0879    2.0263    1.9672    1.9103    1.8557    1.8031    1.7526    1.7040    1.6572    1.6122    1.5689    1.5272    1.4871    1.4484    1.4111    1.3753    1.3407    1.3073    1.2752    1.2442    1.2143    1.1855    1.1577    1.1309    1.1050    1.0801    1.0560    1.0327    1.0102    0.9885    0.9676    0.9474    0.9278    0.9089    0.8907    0.8731    0.8561    0.8396    0.8237    0.8083    0.7935    0.7791    0.7652    0.7518    0.7389    0.7263    0.7142    0.7025    0.6912    0.6803    0.6697    0.6595    0.6496    0.6401    0.6309    0.6220    0.6134    0.6051    0.5971    0.5893    0.5819    0.5747    0.5677    0.5610    0.5546    0.5484    0.5424    0.5366    0.5311    0.5257    0.5206    0.5157    0.5110    0.5064    0.5021    0.4980    0.4940    0.4902    0.4866    0.4831    0.4798    0.4767    0.4738    0.4710    0.4683    0.4659    0.4635    0.4614    0.4593    0.4575    0.4557    0.4542    0.4527    0.4514    0.4502    0.4492    0.4483    0.4476    0.4470    0.4465    0.4462    0.4460    0.4459    0.4460    0.4462    0.4465    0.4470    0.4476    0.4483    0.4492    0.4502    0.4514    0.4527    0.4541    0.4557    0.4575    0.4594    0.4614    0.4635    0.4659    0.4683    0.4710    0.4738    0.4767    0.4798    0.4831    0.4866    0.4902    0.4940    0.4979    0.5021    0.5064    0.5110    0.5157    0.5206    0.5257    0.5311    0.5366    0.5424    0.5484    0.5546    0.5610    0.5677    0.5747    0.5819    0.5893    0.5971    0.6051    0.6134    0.6220    0.6309    0.6401    0.6496    0.6595    0.6697    0.6803    0.6912    0.7025    0.7142    0.7263    0.7389    0.7518    0.7652    0.7791    0.7935    0.8083    0.8237    0.8396    0.8561    0.8731    0.8907    0.9089    0.9278    0.9474    0.9676    0.9885    1.0102    1.0327    1.0560    1.0801    1.1050    1.1309    1.1577    1.1855    1.2143    1.2442    1.2752    1.3073    1.3407    1.3752    1.4111    1.4484    1.4870    1.5272    1.5689    1.6122    1.6572    1.7040    1.7526    1.8031    1.8557    1.9103    1.9672    2.0263    2.0879    2.1520    2.2188    2.2884    2.3608    2.4363    2.5150    2.5971    2.6827    2.7721    2.8653    2.9625    3.0641    3.1702    3.2811    3.3969    3.5181    3.6447    3.7772    3.9158    4.0608    4.2127    4.3719    4.5385    4.7132    4.8964    5.0885    5.2900    5.5015    5.7235    5.9567    6.2017    6.4592    6.7299    7.0146    7.3141    7.6295    7.9615    8.3112    8.6797    9.0682    9.4779    9.9102   10.3665   10.8482   11.3572   11.8950   12.4635   13.0649   13.7012   14.3748   15.0881   15.8439   16.6449   17.4944   18.3956   19.3520   20.3676   21.4464   22.5929   23.8119   25.1085   26.4883   27.9572   29.5218   31.1888   32.9659   34.8610   36.8830   39.0411   41.3454   43.8067   46.4369   49.2486   52.2553   55.4717   58.9135   62.5977   66.5426   70.7676   75.2941   80.1442   85.3425   90.9146   96.8885  103.2936  110.1617  117.5262  125.4232  133.8904  142.9684  152.6992  163.1282  174.3023  186.2712  199.0865  212.8027  227.4756  243.1639  259.9276  277.8294  296.9330  317.3041  339.0097  362.1187  386.7012  412.8291  440.5750  470.0152  501.2270  534.2922  569.2950  606.3265  645.4835  686.8716  730.6072  776.8209  825.6596  877.2903  931.9061  989.7302 1051.0214 1116.0836 1185.2705 1259.0001 1337.7620 1422.1344 1512.7994 1610.5667 1716.3953 1831.4272 1957.0282 2094.8359 2246.8242 2415.3826 2603.4199 2814.4966 3052.9849 3324.2717 3635.0005 3993.3201 4409.0615 4893.6382 5459.0781 6114.7656 6858.4282 7653.5425 8378.7168 8740.0078 8223.6113 6405.9121 3724.3896 1419.2955  240.1394
sump/npts=512.000183
E[ZtildePZtildet]/npts^2
  511.9394   -4.8153   -4.1102   -3.2006    3.0187    1.4072   -1.6815   -1.9735
   -4.8153  511.7659   -1.2533    1.0550   -0.1404    2.3028    0.5093    2.1691
   -4.1102   -1.2533  512.3984    0.2075   -0.1802   -5.7834    1.8467   -0.6501
   -3.2006    1.0550    0.2075  512.8964    1.0322   -3.3538   -1.2274   -1.3316
    3.0187   -0.1404   -0.1802    1.0322  512.2003   -0.0950    4.1540    2.6395
    1.4072    2.3028   -5.7834   -3.3538   -0.0950  512.6041    2.3793   -0.7802
   -1.6815    0.5093    1.8467   -1.2274    4.1540    2.3793  510.5623   -3.8812
   -1.9735    2.1691   -0.6501   -1.3316    2.6395   -0.7802   -3.8812  518.0112
